time,x,y,z,phi,theta,psi,x_velocity,y_velocity,z_velocity,phi_velocity,theta_velocity,psi_velocity,rotor_speed1,rotor_speed2,rotor_speed3,rotor_speed4
0.06,1.7340799602436705e-07,8.997524591281392e-07,10.06997712035905,0.00021307347650800779,6.283125477344129,0.0,1.8360256928111453e-05,7.949009877215225e-05,2.330928816916872,0.009846613699457371,-0.0030703751702000357,0.0,459.8705489884677,461.2957981387726,460.8477986702197,459.3265451049409
0.12000000000000001,9.638591305614764e-06,3.417535431769262e-05,10.279137100621968,0.0009345334118835424,6.282867116458316,0.0,0.00039059085458331493,0.0013094518899883119,4.634777987572012,0.016058464560720773,-0.006899829028843032,0.0,459.8705489884677,461.2957981387726,460.8477986702197,459.3265451049409
0.18,6.672977146810464e-05,0.00020965381700338142,10.624944753016221,0.00231574716129046,6.2824566336928385,0.0,0.0016807273814098524,0.005029500724627833,6.881505519515878,0.03420060043918433,-0.006724723899615604,0.0,459.8705489884677,461.2957981387726,460.8477986702197,459.3265451049409
0.23999999999999996,0.00023372770881224494,0.000736472070138143,11.103125924708435,0.004755253394481684,6.282172198357742,0.0,0.004012725732937545,0.013411324798757205,9.043404655092628,0.05117182066067202,-0.0010410433822033748,0.0,459.8705489884677,461.2957981387726,460.8477986702197,459.3265451049409
0.3,0.0005559012155334063,0.001965548779648375,11.707830378723,0.007940225197045514,6.282201934376861,0.0,0.006714249719998492,0.028680038915452497,11.095819663175666,0.05665344682753014,0.003404668559765466,0.0,459.8705489884677,461.2957981387726,460.8477986702197,459.3265451049409
0.36000000000000004,0.0010303461014488308,0.0043371123575981115,12.431896878389757,0.011500959606124184,6.282499408819769,0.0,0.008988671500486994,0.05148678710840644,13.019804198818505,0.0642474545609484,0.007896622105775887,0.0,459.8705489884677,461.2957981387726,460.8477986702197,459.3265451049409
0.4200000000000001,0.0016128788162217127,0.00830297872012917,13.267264220639536,0.015506206940337108,6.282916150457456,0.0,0.010260755487579709,0.08181478394940458,14.804303038811755,0.07134560708882401,0.004972359410031152,0.0,459.8705489884677,461.2957981387726,460.8477986702197,459.3265451049409
0.48000000000000015,0.0022429797197817936,0.014309258373834136,14.205320109282846,0.01972397298004136,4.66538571757269e-05,0.0,0.010637572957222464,0.11941632208575553,16.441977702918038,0.06811086973538766,0.005839616896723469,0.0,459.8705489884677,461.2957981387726,460.8477986702197,459.3265451049409
0.5400000000000001,0.0028733544038322496,0.022760712022821355,15.237137267123321,0.023647108941577066,0.0006915445565773837,0.0,0.010222107396363265,0.16305775332094088,17.929598283624774,0.05928887669809933,0.019100608093698665,0.0,459.8705489884677,461.2957981387726,460.8477986702197,459.3265451049409
0.6000000000000002,0.003433556552301713,0.0339601258410875,16.353665053050236,0.027009297890634443,0.0020419920103407208,0.0,0.008116910839994705,0.21070003036683746,19.26620511618662,0.0485779338972233,0.02857327114177417,0.0,459.8705489884677,461.2957981387726,460.8477986702197,459.3265451049409
0.6600000000000003,0.0037932556793346555,0.048086125728981424,17.546011828453558,0.02978830511352548,0.0037755712312508294,0.0,0.003471782811959179,0.26033201151050367,20.457877424529812,0.041361653521876665,0.029524825677974063,0.0,459.8705489884677,461.2957981387726,460.8477986702197,459.3265451049409
0.7200000000000003,0.0037969911172820855,0.06520982354862451,18.8057196791273,0.03205875158542515,0.005320741081439984,0.0,-0.0036712263244367467,0.3104381180982986,21.512868607209725,0.029658923763441074,0.0168759232237622,0.0,459.8705489884677,461.2957981387726,460.8477986702197,459.3265451049409
0.7800000000000004,0.0033227458468662956,0.08532173463911576,20.12488697251524,0.03362783497229849,0.006187845635547973,0.0,-0.012248686701658393,0.35974710436251195,22.441346214198305,0.018004878810074808,0.009099100874188809,0.0,459.8705489884677,461.2957981387726,460.8477986702197,459.3265451049409
0.8400000000000004,0.0023196581541214383,0.1083392895925833,21.496245178197917,0.034438893263174286,0.006688774584945101,0.0,-0.021192218232156494,0.40714668564159917,23.25415259666237,0.002552684548638106,0.006804188885570473,0.0,459.8705489884677,461.2957981387726,460.8477986702197,459.3265451049409
0.9000000000000005,0.0007815107150424587,0.13411713796962776,22.913140334212287,0.034201578290976364,0.006767408607531777,0.0,-0.030032068798654443,0.45160966792496726,23.960886664793026,-0.02199474858440658,-0.012921136509920904,0.0,459.8705489884677,461.2957981387726,460.8477986702197,459.3265451049409
0.9600000000000005,-0.0012625787011870658,0.16244593197425197,24.369557283939084,0.03250811302600809,0.005613075521295308,0.0,-0.037854015524389155,0.4919854846022866,24.573141431449198,-0.04515099021217325,-0.03651223955010692,0.0,459.8705489884677,461.2957981387726,460.8477986702197,459.3265451049409
1.0200000000000005,-0.0037110213634892406,0.19304760217367645,25.860190795631325,0.029355595212560814,0.0030647554753731043,0.0,-0.04331578740720309,0.5272362631447899,25.102932112518832,-0.07449225061553304,-0.05836986972832553,0.0,459.8705489884677,461.2957981387726,460.8477986702197,459.3265451049409
1.0800000000000005,-0.006386789924044639,0.22558382895838236,27.380357789176216,0.024647292019336575,6.28243663116091,0.0,-0.04529521312869478,0.5563186109370577,25.559017953969537,-0.08793105224665461,-0.07673896972049586,0.0,459.8705489884677,461.2957981387726,460.8477986702197,459.3265451049409
1.1400000000000006,-0.009057606244965506,0.2596658979403466,28.925922484476025,0.01919542467172075,6.2776009593370965,0.0,-0.043074029511874945,0.5787682232784924,25.950839114778045,-0.09748850047088774,-0.08970120697765632,0.0,459.8705489884677,461.2957981387726,460.8477986702197,459.3265451049409
1.2000000000000006,-0.011460341170264428,0.2948980482185555,30.493260128441026,0.013254597921222633,6.271927432773477,0.0,-0.03633438456161203,0.5946874973286593,26.286003065703756,-0.10225116003230778,-0.10666435170866577,0.0,459.8705489884677,461.2957981387726,460.8477986702197,459.3265451049409
1.2600000000000007,-0.01331669325783461,0.33089725026272065,32.07923442849771,0.006926279638994615,6.265304134913933,0.0,-0.02481571263328789,0.60438302158568,26.573141083674862,-0.1128432083393458,-0.11912306217089978,0.0,459.8705489884677,461.2957981387726,460.8477986702197,459.3265451049409
1.3200000000000007,-0.01433343425456255,0.36729511053123926,33.68117045037991,7.034271593919783e-05,6.257941485833349,0.0,-0.008336386632750818,0.6079745190372271,26.819029859904365,-0.11727139137655097,-0.13106815426473006,0.0,459.8705489884677,461.2957981387726,460.8477986702197,459.3265451049409
1.3800000000000008,-0.014210783950653014,0.40372738915160394,35.296781473129066,6.276105389965693,6.249930372211534,0.0,0.01317032535341401,0.6055552167504547,27.029830297841368,-0.12326621101888516,-0.13892908074662602,0.0,459.8705489884677,461.2957981387726,460.8477986702197,459.3265451049409
1.4400000000000008,-0.012646703755165798,0.4398364432958298,36.92414775382504,6.268652837664408,6.2415617055200645,0.0,0.03969343321800152,0.597204259053594,27.21160552092095,-0.1261633705293386,-0.14059719218644148,0.0,459.8705489884677,461.2957981387726,460.8477986702197,459.3265451049409
1.5000000000000009,-0.009347319157547015,0.475268269044416,38.561628453627634,6.2609813787451944,6.233008783913135,0.0,0.07097581377907236,0.5829910965540663,27.36764072488133,-0.13147824272248423,-0.1467641884733815,0.0,459.8705489884677,461.2957981387726,460.8477986702197,459.3265451049409
1.560000000000001,-0.004033722748571212,0.5096719137685064,40.20777928585057,6.253029316632185,6.224030705985035,0.0,0.10682976729688777,0.562918305280905,27.501214544084682,-0.13473273768341495,-0.15609374156499262,0.0,459.8705489884677,461.2957981387726,460.8477986702197,459.3265451049409
1.620000000000001,0.003570243595569275,0.5426930918960834,41.86139310557289,6.244987051865081,6.2146069688905285,0.0,0.14733285831943732,0.5369047920844184,27.616909683915356,-0.13268410713074252,-0.15907083270244637,0.0,459.8705489884677,461.2957981387726,460.8477986702197,459.3265451049409
1.680000000000001,0.013742976574409238,0.5739772593332743,43.521483420653006,6.237183863412762,6.204960096441578,0.0,0.19244310798074132,0.505046764956355,27.717515476040646,-0.12525583190720962,-0.16443752604040693,0.0,459.8705489884677,461.2957981387726,460.8477986702197,459.3265451049409
1.740000000000001,0.02676093095958764,0.6031807887398596,45.18724586297402,6.229632879058977,6.195231736603553,0.0,0.24216554421599842,0.4675933328030237,27.806309924504678,-0.12706366954507847,-0.15790411523946457,0.0,459.8705489884677,461.2957981387726,460.8477986702197,459.3265451049409
1.8000000000000012,0.04289605085669974,0.6299717161572639,46.85803752775713,6.221978824427147,6.185927932560039,0.0,0.2962987461906724,0.4246128385977692,27.885416805450234,-0.12859394352552347,-0.14991958687098372,0.0,459.8705489884677,461.2957981387726,460.8477986702197,459.3265451049409
1.8600000000000012,0.062405851530588786,0.6540137243794379,48.53335505356618,6.214151641212323,6.177200692029423,0.0,0.3546024495219217,0.37594482895034603,27.957354821643154,-0.13445361186649868,-0.13776329298139836,0.0,459.8705489884677,461.2957981387726,460.8477986702197,459.3265451049409
1.9200000000000013,0.08552337238306228,0.6749633459178235,50.21274600014369,6.205887007069556,6.169335736779427,0.0,0.41649436804274687,0.3214819342707103,28.021384379275606,-0.1452967631313315,-0.12027988489959138,0.0,459.8705489884677,461.2957981387726,460.8477986702197,459.3265451049409
1.9800000000000013,0.1124494332056352,0.6924608994123314,51.8957605674456,6.197170053342777,6.162248873632256,0.0,0.48149566840035957,0.2608010655036757,28.078302143041665,-0.1452542065673115,-0.11410470535587547,0.0,459.8705489884677,461.2957981387726,460.8477986702197,459.3265451049409
2.0400000000000014,0.14336635553451954,0.7061211675896565,53.58203898345285,6.188702553367868,6.155593265489166,0.0,0.5494972126183486,0.19358611270259102,28.130270656570644,-0.13394118219097886,-0.10523178738595523,0.0,459.8705489884677,461.2957981387726,460.8477986702197,459.3265451049409
2.1000000000000014,0.1784505854428838,0.7155590385883253,55.27131932536543,6.1809145689642015,6.149550941211508,0.0,0.6203626321894499,0.12014439254433143,28.17837805941927,-0.12259665757644536,-0.09292134390826857,0.0,459.8705489884677,461.2957981387726,460.8477986702197,459.3265451049409
2.1600000000000015,0.21786097977771554,0.7204215501868101,56.963346793848245,6.173644649639954,6.144555013557323,0.0,0.6936390327269703,0.041157455339034824,28.22184158449957,-0.1184484989081178,-0.06880814009741654,0.0,459.8705489884677,461.2957981387726,460.8477986702197,459.3265451049409
2.2200000000000015,0.26172702732138414,0.7203892117181349,58.657842042241114,6.166523121877962,6.140749886704052,0.0,0.7688025604192609,-0.042981826037826895,28.260626391721157,-0.11918346807224914,-0.05437875060172732,0.0,459.8705489884677,461.2957981387726,460.8477986702197,459.3265451049409
2.2800000000000016,0.310152532609324,0.7151541478602649,60.35455263759557,6.159555695840709,6.137470841276643,0.0,0.8455819895924677,-0.13225165235664532,28.295698326606978,-0.1106202550135849,-0.05520023299869275,0.0,459.8705489884677,461.2957981387726,460.8477986702197,459.3265451049409
2.3400000000000016,0.36322364484370057,0.7044216924418507,62.053213738273556,6.152873645096353,6.134055456925612,0.0,0.9236706873469898,-0.2261756896730274,28.325721134658597,-0.11290428282158917,-0.060611644793936825,0.0,459.8705489884677,461.2957981387726,460.8477986702197,459.3265451049409
2.4000000000000017,0.4210265955020768,0.6879143823775173,63.75356123084752,6.146039793188136,6.1303287660478745,0.0,1.0033427064930003,-0.3247690280765806,28.352004213337644,-0.11596017525284451,-0.06529273386334795,0.0,459.8705489884677,461.2957981387726,460.8477986702197,459.3265451049409
2.4600000000000017,0.4836658918485104,0.6653443248340636,65.45540834158092,6.138939865848748,6.1262084659162355,0.0,1.0849127689302338,-0.4282981137948854,28.375773570280337,-0.12355193974454735,-0.07646691771762111,0.0,459.8705489884677,461.2957981387726,460.8477986702197,459.3265451049409
2.520000000000002,0.5512542537838974,0.6364146187926523,67.1585606704304,6.131343373455026,6.121432016440449,0.0,1.1683733551175908,-0.5368322205593009,28.39565039054869,-0.13354700177074658,-0.08676962385068422,0.0,459.8705489884677,461.2957981387726,460.8477986702197,459.3265451049409
2.580000000000002,0.6239176788676876,0.6008082916094183,68.86281496769728,6.122923328952201,6.1162610182255115,0.0,1.2541334331903824,-0.6509526154050982,28.412618911164213,-0.1595046075150912,-0.08503636216405572,0.0,459.8705489884677,461.2957981387726,460.8477986702197,459.3265451049409
2.640000000000002,0.7018148036181184,0.558148164380089,70.56809313858558,6.113064590687877,6.11130484857944,0.0,1.3428410349857252,-0.7721736656832675,28.42981610691905,-0.17625022060754741,-0.0781351494941676,0.0,459.8705489884677,461.2957981387726,460.8477986702197,459.3265451049409
2.700000000000002,0.7851093480234019,0.5079837591717876,72.2743339270797,6.102128103122254,6.106331496831283,0.0,1.4340571482960527,-0.9012454116536373,28.444762166104347,-0.1983858422046019,-0.09466937724349017,0.0,459.8705489884677,461.2957981387726,460.8477986702197,459.3265451049409
2.760000000000002,0.8739651857987496,0.4498042537692994,73.98144645229375,6.089833361506681,6.100257211755572,0.0,1.528313512558803,-1.0395602240174677,28.45900437004303,-0.22297825372365976,-0.11950258086500887,0.0,459.8705489884677,461.2957981387726,460.8477986702197,459.3265451049409
2.820000000000002,0.9685898558047388,0.3830052920408744,75.68943232273608,6.076208344705639,6.0927156112371605,0.0,1.626480357970699,-1.1888069477555623,28.474006926192494,-0.2368901353901069,-0.1424478769082881,0.0,459.8705489884677,461.2957981387726,460.8477986702197,459.3265451049409
2.880000000000002,1.069248225845839,0.30688204979856853,77.39838666609835,6.061890480011474,6.083730929264899,0.0,1.72954262708829,-1.3505124728035245,28.491318686750887,-0.24235476237088394,-0.17120981143198216,0.0,459.8705489884677,461.2957981387726,460.8477986702197,459.3265451049409
2.940000000000002,1.1762561576217843,0.22066356149084812,79.10844974388509,6.047140495467389,6.073104722168768,0.0,1.838252930988387,-1.5253997243876243,28.51098827019012,-0.2538815347979483,-0.1927300216540839,0.0,459.8705489884677,461.2957981387726,460.8477986702197,459.3265451049409
3.000000000000002,1.2899662149126927,0.123547881333413,80.81972347694501,6.031640580753285,6.061207088384528,0.0,1.9530524621188772,-1.7138953040021179,28.53171734716515,-0.2691551407700622,-0.2127357636427744,0.0,459.8705489884677,461.2957981387726,460.8477986702197,459.3265451049409
3.0600000000000023,1.4107674133930388,0.01468418044666259,82.53229003628198,6.015442788089366,6.0480734602901975,0.0,2.074727972720624,-1.9171649904106265,28.554105843276027,-0.27162660265705707,-0.23550228658671987,0.0,459.8705489884677,461.2957981387726,460.8477986702197,459.3265451049409
3.1200000000000023,1.5390895136482785,-0.10683461880815548,84.24623820569195,5.998961761668962,6.033533447485549,0.0,2.2038476435286825,-2.1357910563196634,28.577765855398567,-0.2816143672588458,-0.26166592353780904,0.0,459.8705489884677,461.2957981387726,460.8477986702197,459.3265451049409
3.1800000000000024,1.6754147793481213,-0.24196307836091227,85.96169779254409,5.981925030911674,6.017485580663731,0.0,2.341618973225298,-2.370948885567679,28.60448057936415,-0.28905790525601627,-0.28272696079052334,0.0,459.8705489884677,461.2957981387726,460.8477986702197,459.3265451049409
3.2400000000000024,1.8202663965473147,-0.39169689447379946,87.6787826870093,5.964366210657971,6.000191587002561,0.0,2.4881635433819733,-2.6227499223605073,28.63195298982365,-0.3009929952651673,-0.30245896127364363,0.0,459.8705489884677,461.2957981387726,460.8477986702197,459.3265451049409
3.3000000000000025,1.9742026224028142,-0.5570726039801458,89.3975756420558,5.9460611683634745,5.9816831582363665,0.0,2.644546165008938,-2.8925031808350554,28.661396814592525,-0.3148407430142444,-0.3245223104811356,0.0,459.8705489884677,461.2957981387726,460.8477986702197,459.3265451049409
3.3600000000000025,2.137827557605027,-0.7391917633681175,91.11816367644529,5.9269750655483975,5.9618589220442395,0.0,2.8112515651193934,-3.1810559217752434,28.69180520831811,-0.3255627425935789,-0.3459560569636381,0.0,459.8705489884677,461.2957981387726,460.8477986702197,459.3265451049409
3.4200000000000026,2.31178420413102,-0.9392159668472639,92.84060066052605,5.907241634521652,5.940797686105293,0.0,2.989060864056437,-3.4894956156152355,28.72301633003719,-0.33652797846530397,-0.36375464097879007,0.0,459.8705489884677,461.2957981387726,460.8477986702197,459.3265451049409
3.4800000000000026,2.4967765513259903,-1.1583839673408869,94.56496627464423,5.886754486750656,5.918744808051388,0.0,3.179213152055999,-3.819331806830955,28.75600799247915,-0.3537363578597631,-0.3764519844504608,0.0,459.8705489884677,461.2957981387726,460.8477986702197,459.3265451049409
3.5400000000000027,2.6935677962509645,-1.398015789942789,96.29135039123915,5.865123548371031,5.895716096039255,0.0,3.382471141386594,-4.17184306993806,28.79018905604547,-0.37959335811458655,-0.4055004589937008,0.0,459.8705489884677,461.2957981387726,460.8477986702197,459.3265451049409
3.6000000000000028,2.9029787430203036,-1.6595308470033747,98.0198142050339,5.841864462971429,5.8709799732544194,0.0,3.600120324827381,-4.549171810504945,28.825348997147888,-0.4129871678575875,-0.43128569665747923,0.0,459.8705489884677,461.2957981387726,460.8477986702197,459.3265451049409
3.660000000000003,3.125917635721342,-1.9444985444630878,99.75039660078352,5.816694891296429,5.844731659155109,0.0,3.8336952818073757,-4.954104621573471,28.860775583540565,-0.43742150550706926,-0.4541404085530617,0.0,459.8705489884677,461.2957981387726,460.8477986702197,459.3265451049409
3.720000000000003,3.363409661197379,-2.254679963367944,101.48312377208428,5.79004472655784,5.8173733565792,0.0,4.085459791196203,-5.389978253255382,28.89665398475196,-0.46309182071857763,-0.4598954367561595,0.0,459.8705489884677,461.2957981387726,460.8477986702197,459.3265451049409
3.780000000000003,3.6165606593189232,-2.5919721752274123,103.21792214627988,5.76201404570309,5.789525182391419,0.0,4.355824996861587,-5.858084102612558,28.929477468062355,-0.4769034136648878,-0.4743117519728284,0.0,459.8705489884677,461.2957981387726,460.8477986702197,459.3265451049409
3.840000000000003,3.8865201561910987,-2.958356111855197,104.95454458813697,5.733331065496397,5.760862709534802,0.0,4.645893349808705,-6.3598155072585,28.957135513756874,-0.4804366132412451,-0.48551579904320574,0.0,459.8705489884677,461.2957981387726,460.8477986702197,459.3265451049409
3.900000000000003,4.174526508014981,-3.3558870141479837,106.69266207052176,5.704619397996183,5.731547752113638,0.0,4.957422119751391,-6.896201076850458,28.978905031163784,-0.47497370672658484,-0.49552297879604584,0.0,459.8705489884677,461.2957981387726,460.8477986702197,459.3265451049409
3.960000000000003,4.4818475698600775,-3.7865898745569986,108.43181051563006,5.676336219075594,5.70183988922091,0.0,5.289669485589345,-7.465275723761725,28.991139847536548,-0.4650575278535447,-0.4943616990644326,0.0,459.8705489884677,461.2957981387726,460.8477986702197,459.3265451049409
4.020000000000002,4.809714976531193,-4.2523679563097545,110.17135235341351,5.648510268854093,5.672195444762316,0.0,5.64212258459867,-8.064985471428201,28.991613399539553,-0.46130939320124154,-0.4935073114050207,0.0,459.8705489884677,461.2957981387726,460.8477986702197,459.3265451049409
4.080000000000001,5.159294272937412,-4.754976390129244,111.91048925363229,5.620830080626842,5.642574038756832,0.0,6.01326186627995,-8.692667624299059,28.97731641254012,-0.4613904675063807,-0.49405664836559327,0.0,459.8705489884677,461.2957981387726,460.8477986702197,459.3265451049409
4.14,5.531701328722572,-5.296057227641704,113.64829512265361,5.593295743719562,5.61292565928208,0.0,6.402912518225531,-9.34714141403482,28.946956095906323,-0.4543654628083602,-0.4943054930261853,0.0,459.8705489884677,461.2957981387726,460.8477986702197,459.3265451049409
4.199999999999998,5.928000976675998,-5.877147651693626,115.3837399412595,5.566323588627752,5.583411790481264,0.0,6.8094595901690385,-10.025955767280472,28.898409959122343,-0.44132681306337485,-0.487488781373153,0.0,459.8705489884677,461.2957981387726,460.8477986702197,459.3265451049409
4.259999999999997,6.349148318756215,-6.499623202424424,117.11568982409976,5.539932188781339,5.554040653006744,0.0,7.230871790127414,-10.726240090174464,28.830312606196024,-0.4370774259913723,-0.4939044419002197,0.0,459.8705489884677,461.2957981387726,460.8477986702197,459.3265451049409
4.319999999999996,6.795990471865312,-7.164709902254283,118.84295316450024,5.5138130531109635,5.524331137739214,0.0,7.665858162773387,-11.446174734294695,28.742193089847913,-0.4320269354332947,-0.49778119176302843,0.0,459.8705489884677,461.2957981387726,460.8477986702197,459.3265451049409
4.379999999999995,7.26931926370027,-7.873555713093014,120.56433014138126,5.487952021587333,5.494525671774369,0.0,8.11361412140769,-12.184721938357118,28.63410552750958,-0.4290773929236975,-0.4947937425624928,0.0,459.8705489884677,461.2957981387726,460.8477986702197,459.3265451049409
4.439999999999993,7.769887265194307,-8.627260727672079,122.27863562319372,5.462388738645256,5.4650067243878375,0.0,8.573578229926412,-12.941288446705007,28.50642941935204,-0.4206250731491562,-0.48690111832100497,0.0,459.8705489884677,461.2957981387726,460.8477986702197,459.3265451049409
4.499999999999992,8.298380518865669,-9.426870405485976,123.984696283996,5.437426325946223,5.4359416476355875,0.0,9.044084367752822,-13.714615113173748,28.35928778176222,-0.4081886106088051,-0.47988157350901484,0.0,459.8705489884677,461.2957981387726,460.8477986702197,459.3265451049409
4.559999999999991,8.855351416646629,-10.273336672518264,125.68135029074024,5.413074215465301,5.407090112715254,0.0,9.52250217509564,-14.503000797021631,28.193004799122185,-0.4016046119474296,-0.482880336702516,0.0,459.8705489884677,461.2957981387726,460.8477986702197,459.3265451049409
4.6199999999999894,9.441184957772299,-11.167521603690869,127.36746060300693,5.389046786281543,5.3779742352883275,0.0,10.00609825624142,-15.30534599924018,28.008080153202954,-0.39826283469983387,-0.4904954157611792,0.0,459.8705489884677,461.2957981387726,460.8477986702197,459.3265451049409
4.679999999999988,10.056202671724977,-12.110306855545739,129.04197059400028,5.365339430321107,5.3487216420409744,0.0,10.495274819772431,-16.12321325007086,27.806581531389828,-0.3895013233392452,-0.48223095538026967,0.0,459.8705489884677,461.2957981387726,460.8477986702197,459.3265451049409
4.739999999999987,10.700707346541627,-13.10264961815722,130.70393024320015,5.34202913305597,5.319713412791533,0.0,10.988732764583844,-16.957350187458204,27.58993304404629,-0.38658924518147936,-0.48606127879837663,0.0,459.8705489884677,461.2957981387726,460.8477986702197,459.3265451049409
4.799999999999986,11.374920145181743,-14.145563224766226,132.35247501214295,5.31898820528615,5.290762682673771,0.0,11.485503910121757,-17.80923397309402,27.359679688905878,-0.3793235047515236,-0.47624406490457566,0.0,459.8705489884677,461.2957981387726,460.8477986702197,459.3265451049409
4.859999999999984,12.079026902460559,-15.240176753385414,133.98684264041606,5.296195137961002,5.26232327226786,0.0,11.984914835854063,-18.680903412676408,27.11754631868193,-0.38102690433835895,-0.46984127717980456,0.0,459.8705489884677,461.2957981387726,460.8477986702197,459.3265451049409
4.919999999999983,12.81310453328613,-16.38771833784262,135.60633985276453,5.2732286324208495,5.234549366365847,0.0,12.484374865493052,-19.573894542238666,26.864101339837983,-0.38651023774395205,-0.45177903332636143,0.0,459.8705489884677,461.2957981387726,460.8477986702197,459.3265451049409
4.979999999999982,13.577138316142099,-17.589555917542206,137.21030655465154,5.249990478266577,5.20756480888976,0.0,12.98316609128303,-20.491136474484595,26.599850044961794,-0.38893078913674806,-0.44596620609871285,0.0,459.8705489884677,461.2957981387726,460.8477986702197,459.3265451049409
5.0399999999999805,14.37102595993394,-18.847225287191865,138.79809785646867,5.226747399247813,5.180935448948384,0.0,13.479467661624016,-21.435549222636443,26.32508315407452,-0.38446805824820607,-0.4398615001940078,0.0,459.8705489884677,461.2957981387726,460.8477986702197,459.3265451049409
5.099999999999979,15.194636138252516,-20.16249332561049,140.3691305112701,5.20374591627472,5.154983209144827,0.0,13.973732023605438,-22.411678432911486,26.0414383656655,-0.3812322544909123,-0.4209240272988254,0.0,459.8705489884677,461.2957981387726,460.8477986702197,459.3265451049409
5.159999999999978,16.047774355102877,-21.537369586028902,141.92290187139554,5.180911034136972,5.129986512475087,0.0,14.463360727349059,-23.423056945154695,25.7498265842523,-0.3793143495314265,-0.40916646725995615,0.0,459.8705489884677,461.2957981387726,460.8477986702197,459.3265451049409
5.219999999999977,16.930089519753388,-22.974096788750494,143.45896020817526,5.1584498848524944,5.105573138440153,0.0,14.946162450456887,-24.474202138635757,25.451227823091518,-0.36594612801396764,-0.40269915924657884,0.0,459.8705489884677,461.2957981387726,460.8477986702197,459.3265451049409
5.279999999999975,17.84118245948862,-24.475254760103716,144.97695508133137,5.136536019958793,5.081518093791928,0.0,15.422590752383975,-25.571787984866987,25.1481063201255,-0.3638421805931565,-0.3975835481213846,0.0,459.8705489884677,461.2957981387726,460.8477986702197,459.3265451049409
5.339999999999974,18.780648478654882,-26.043847302070677,146.47667551458446,5.114598972895788,5.057613857167597,0.0,15.892138583404764,-26.723333084395442,24.8422913000832,-0.36941542175113884,-0.40009152620172905,0.0,459.8705489884677,461.2957981387726,460.8477986702197,459.3265451049409
5.399999999999973,19.748151745255058,-27.683406313007605,147.95799558850834,5.092267201987745,5.033442572917366,0.0,16.357732591199103,-27.939001110518344,24.534853731599963,-0.37841365429173784,-0.40902609976508636,0.0,459.8705489884677,461.2957981387726,460.8477986702197,459.3265451049409
5.4599999999999715,20.743608580517787,-29.398146082249305,149.42083348313867,5.069535593490357,5.00877853438481,0.0,16.82474944847712,-29.23134805234243,24.226249766857425,-0.37976547074663064,-0.4154820918169748,0.0,459.8705489884677,461.2957981387726,460.8477986702197,459.3265451049409
5.51999999999997,21.767256320941485,-31.193081708452056,150.86513058034907,5.04668788570298,4.983667197897105,0.0,17.298201456312956,-30.614414237285075,23.916925869026052,-0.3829311967792104,-0.42539869687613535,0.0,459.8705489884677,461.2957981387726,460.8477986702197,459.3265451049409
5.579999999999969,22.819636136521858,-33.074130033984304,152.2908567101196,5.023752666752825,4.958083906485394,0.0,17.78347295886327,-32.104396361697376,23.60725550866946,-0.38093600851243825,-0.4284367738757544,0.0,459.8705489884677,461.2957981387726,460.8477986702197,459.3265451049409
5.639999999999968,23.90169100216624,-35.04826864416873,153.69800387584112,5.001031964078699,4.932427218372142,0.0,18.288058243881956,-33.72031209870802,23.297676049673484,-0.3745198159619514,-0.4260155609503759,0.0,459.8705489884677,461.2957981387726,460.8477986702197,459.3265451049409
5.699999999999966,25.014670399139277,-37.12366035516827,155.08658808164714,4.978838503919796,4.906846275794448,0.0,18.814925520870087,-35.48288677863484,22.988614830774846,-0.3619715689025091,-0.42702202404404727,0.0,459.8705489884677,461.2957981387726,460.8477986702197,459.3265451049409
5.759999999999965,26.160091900414386,-39.30985348808298,156.45667932970647,4.957366608892993,4.881067906862654,0.0,19.370489016490147,-37.41792876634892,22.68150910812981,-0.3507276734262882,-0.4354451887069345,0.0,459.8705489884677,461.2957981387726,460.8477986702197,459.3265451049409
5.819999999999964,27.339902149469694,-41.61812572307173,157.80844788290537,4.936753868979292,4.854891118887142,0.0,19.96290265962803,-39.55753832079875,22.37817563847555,-0.332106870353599,-0.4379969889694809,0.0,459.8705489884677,461.2957981387726,460.8477986702197,459.3265451049409
5.879999999999963,28.55666107130552,-44.06191133005356,159.14219725605332,4.917093103889501,4.828830629485859,0.0,20.60361926474689,-41.941457376492956,22.08127794434115,-0.3200565584926747,-0.42790417564810646,0.0,459.8705489884677,461.2957981387726,460.8477986702197,459.3265451049409
5.939999999999961,29.813548239050807,-46.65725314866385,160.45837591527132,4.898032003066728,4.803498906560041,0.0,21.301592990794113,-44.61710217869849,21.79261232584304,-0.31333073983996207,-0.4127322541460643,0.0,459.8705489884677,461.2957981387726,460.8477986702197,459.3265451049409
5.99999999999996,31.11420695678381,-49.42334093618247,161.7574842019645,4.879134744565619,4.778893986425986,0.0,22.064077184053343,-47.64267083647371,21.51208757384654,-0.318407357931334,-0.40526360761255614,0.0,459.8705489884677,461.2957981387726,460.8477986702197,459.3265451049409
6.059999999999959,32.462883153679215,-52.383323553270316,163.0399304672324,4.859803548522443,4.754611899167941,0.0,22.90482364939201,-51.09278571702299,21.236401987340493,-0.33105561246310145,-0.40360388508233447,0.0,459.8705489884677,461.2957981387726,460.8477986702197,459.3265451049409
6.1199999999999575,33.86485957090681,-55.565463189238685,164.3057899082115,4.839864961133241,4.7302944529049284,0.0,23.84488708376261,-55.0642551615328,20.957715048745378,-0.33493648602000275,-0.408884900447961,0.0,459.8705489884677,461.2957981387726,460.8477986702197,459.3265451049409
6.179999999999956,35.32713616226217,-59.00472358847228,165.55457830549935,4.819684040492454,4.705901763122455,0.0,24.920649518312207,-59.68528694306339,20.665732834277804,-0.3393253686216152,-0.40224706246153397,0.0,459.8705489884677,461.2957981387726,460.8477986702197,459.3265451049409
6.239999999999955,36.85907690021553,-62.74498201997045,166.7851088783377,4.799088320669544,4.681907336835909,0.0,26.173600349813714,-65.12673465411227,20.346546077905746,-0.35257223293364415,-0.3956092908931766,0.0,459.8705489884677,461.2957981387726,460.8477986702197,459.3265451049409
6.299999999999954,38.47275205701908,-66.84211737991777,167.9950929606875,4.77771851220418,4.658412260530975,0.0,27.654352173222808,-71.62157806217073,19.976293688186356,-0.36450973918262336,-0.38457428836475577,0.0,459.8705489884677,461.2957981387726,460.8477986702197,459.3265451049409
6.359999999999952,40.18397971829248,-71.36863859969665,169.18039363649243,4.755611153704848,4.635682687933844,0.0,29.437964479394132,-79.49723119708722,19.51686751032997,-0.37779097254772864,-0.3693053665685414,0.0,459.8705489884677,461.2957981387726,460.8477986702197,459.3265451049409
6.419999999999951,42.01387780886155,-76.42084968621275,170.3339934764497,4.732782878694749,4.61389197780036,0.0,31.628445395462077,-89.22978836522746,18.908576972223365,-0.38643619752830244,-0.3531363133089019,0.0,459.8705489884677,461.2957981387726,460.8477986702197,459.3265451049409
6.47999999999995,43.99123594899286,-82.13041297793912,171.44432428947098,4.709541955993863,4.592823987612114,0.0,34.38287257261171,-101.54081632595272,18.057231088376355,-0.38923283919994117,-0.3474112251665743,0.0,459.8705489884677,461.2957981387726,460.8477986702197,459.3265451049409
6.5399999999999485,46.157276981526536,-88.68400897660403,172.49257588968536,4.685989354559476,4.572189500030596,0.0,37.96906225411162,-117.57920021391729,16.810235299248493,-0.40012993264904556,-0.3377055128674428,0.0,459.8705489884677,461.2957981387726,460.8477986702197,459.3265451049409
6.599999999999947,48.5746448345813,-96.35867030500765,173.44749829951135,4.6617708505972715,4.552032625727609,0.0,42.85002791444909,-139.2829540565647,14.890982705267527,-0.4117675464130594,-0.3326546906130757,0.0,459.8705489884677,461.2957981387726,460.8477986702197,459.3265451049409
6.659999999999946,51.34436846381288,-105.59026598351011,174.25419501648332,4.636760047660953,4.532092924560777,0.0,49.889480800203174,-170.18431157241363,11.758151909121196,-0.4296186669645107,-0.3316852859180373,0.0,459.8705489884677,461.2957981387726,460.8477986702197,459.3265451049409
6.719999999999945,54.64361960857987,-117.12110730029144,174.8089505726334,4.610688899885584,4.512745949025561,0.0,60.88108460510179,-217.43106192188162,6.238907312266161,-0.44671345461262135,-0.3084994743235423,0.0,459.8705489884677,461.2957981387726,460.8477986702197,459.3265451049409
6.779999999999943,58.8192420755739,-132.36690602645155,174.89337986817924,4.583550865828368,4.494654498692988,0.0,80.0664612816495,-297.82208407946797,-4.598295271859888,-0.466778709419823,-0.29034892638691434,0.0,459.8705489884677,461.2957981387726,460.8477986702197,459.3265451049409
6.839999999999942,64.67828753537695,-150.0,173.96271699580657,4.555065211213272,4.4776174985435375,0.0,120.25441283831775,-461.05414531800244,-29.974047729897034,-0.4996310547801369,-0.27353414048656516,0.0,459.8705489884677,461.2957981387726,460.8477986702197,459.3265451049409
